-1434.0
-1005.0
-1003.0
-910.0
-1137.0
-1705.0
-932.0
-917.0
-1022.0
-900.0
-921.0
-821.0
-931.0
-851.0
-962.0
-727.0
-817.0
-863.0
-815.0
-823.0
-711.0
-721.0
685.0
763.0
781.0
789.0
-613.0
789.0
789.0
789.0
789.0
-907.0
789.0
789.0
789.0
789.0
739.0
789.0
789.0
789.0
789.0
789.0
789.0
787.0
-904.0
789.0
789.0
739.0
789.0
789.0
789.0
739.0
789.0
789.0
739.0
789.0
788.0
789.0
789.0
789.0
789.0
789.0
789.0
789.0
789.0
789.0
789.0
789.0
789.0
789.0
789.0
789.0
787.0
789.0
789.0
789.0
789.0
789.0
789.0
789.0
789.0
783.0
789.0
739.0
789.0
789.0
789.0
789.0
789.0
789.0
789.0
789.0
739.0
789.0
789.0
787.0
789.0
789.0
789.0
789.0
