-3034.0
-1005.0
-1003.0
-910.0
-1111.0
-833.0
-1413.0
-4472.0
-1157.0
-891.0
-806.0
-805.0
-1124.0
-721.0
-657.0
-1157.0
-709.0
-1731.0
-1097.0
-657.0
-729.0
-1035.0
-535.0
-728.0
-479.0
-1030.0
-518.0
-2064.0
-1020.0
-952.0
-517.0
-3442.0
-1446.0
1073.0
1083.0
1027.0
1085.0
1085.0
1085.0
1033.0
1085.0
1085.0
1085.0
1085.0
1085.0
1085.0
1085.0
1085.0
1085.0
1085.0
1085.0
1085.0
1085.0
1085.0
1085.0
1085.0
1085.0
1035.0
1085.0
1085.0
1085.0
1035.0
1085.0
1085.0
1085.0
1085.0
1085.0
1083.0
1085.0
1085.0
1085.0
1085.0
1085.0
1085.0
1085.0
1085.0
1035.0
1085.0
-809.0
1085.0
1085.0
1083.0
1085.0
1085.0
1085.0
1085.0
1085.0
1085.0
1085.0
1085.0
1085.0
1035.0
-711.0
1085.0
1085.0
1085.0
1085.0
1035.0
1035.0
1085.0
