-1972.0
-1016.0
-1001.0
-1406.0
-810.0
-903.0
-1987.0
-913.0
-1888.0
-1001.0
-1309.0
-819.0
-1949.0
-816.0
-827.0
-1259.0
-738.0
-751.0
-613.0
-849.0
-517.0
-1540.0
-2018.0
-1034.0
-2916.0
-774.0
-527.0
-1015.0
-1220.0
-423.0
-1425.0
-2375.0
-984.0
-1518.0
-804.0
-426.0
-2481.0
-477.0
1079.0
-2523.0
-472.0
1045.0
1075.0
1079.0
1081.0
1085.0
1085.0
1085.0
1033.0
1085.0
1085.0
1085.0
1035.0
1085.0
1085.0
1085.0
1085.0
1085.0
1085.0
1085.0
1085.0
1085.0
1085.0
1085.0
1085.0
1085.0
1085.0
1035.0
1085.0
-2237.0
1085.0
-413.0
1085.0
1085.0
1085.0
1085.0
1035.0
1085.0
1085.0
1085.0
1085.0
1085.0
1085.0
1085.0
1085.0
1085.0
-514.0
1085.0
1085.0
1085.0
1085.0
1085.0
1085.0
1085.0
1085.0
1085.0
1085.0
1085.0
1033.0
1085.0
