-3034.0
-1005.0
-1003.0
-910.0
-1107.0
-1133.0
-1417.0
-907.0
-917.0
-4406.0
-835.0
-837.0
-1026.0
-721.0
-657.0
-1059.0
-517.0
-511.0
-508.0
-512.0
-465.0
-1623.0
-859.0
-438.0
-1420.0
-1432.0
1021.0
1087.0
1083.0
1089.0
1089.0
1089.0
1089.0
1089.0
1089.0
1089.0
1039.0
1089.0
1039.0
1089.0
1089.0
1039.0
1089.0
1089.0
1089.0
1089.0
1089.0
1088.0
1089.0
1089.0
1089.0
1089.0
1089.0
1089.0
1089.0
1089.0
1089.0
1089.0
1089.0
1089.0
1039.0
1089.0
1089.0
1089.0
1089.0
1089.0
1089.0
1089.0
1089.0
1089.0
1089.0
1089.0
1089.0
1039.0
1089.0
1089.0
1089.0
1089.0
1089.0
1089.0
1089.0
1089.0
1089.0
1089.0
1039.0
1089.0
1089.0
-804.0
1087.0
1089.0
1089.0
1089.0
1089.0
1089.0
1039.0
1089.0
1089.0
1089.0
1089.0
1089.0
