-2021.0
-1018.0
-1001.0
-1001.0
-1001.0
-1709.0
-1605.0
-910.0
-1479.0
-1959.0
-1145.0
-948.0
-837.0
-1837.0
-1315.0
-971.0
-1208.0
-1365.0
-1833.0
-805.0
-1238.0
-1666.0
-1774.0
-709.0
-1143.0
-1517.0
-536.0
-1010.0
-512.0
-5019.0
-1019.0
-2364.0
-1011.0
-1614.0
-435.0
-1064.0
-721.0
-1445.0
-1973.0
-964.0
-416.0
-2475.0
-421.0
1083.0
-2523.0
1029.0
1053.0
1035.0
1081.0
1087.0
1087.0
1087.0
1037.0
1037.0
1037.0
1087.0
1087.0
987.0
1087.0
1087.0
1087.0
1087.0
1037.0
1087.0
1087.0
1037.0
1087.0
1087.0
1085.0
1087.0
1087.0
1087.0
1087.0
1087.0
1087.0
1087.0
1087.0
1087.0
1087.0
1087.0
1087.0
1087.0
1037.0
1087.0
1087.0
1035.0
1087.0
1087.0
1087.0
1087.0
1087.0
1087.0
1083.0
1087.0
1087.0
1087.0
1087.0
1087.0
1037.0
1037.0
